[General]
CheckNewVer=3
BackupPath=C:\வட்டு2021-05-20\PortableApps\WiseRegistryCleanerPortable\App\WiseRegistryCleaner\Backup\
ScanLevel=2
CleanMode=1
defaultlanguage=தமிழ்
BackupHint=1
ClearBackup=1
Disc=3
StartDate=44933.6338224884
LastCheck=2022-12-26 09:35:17
ExpireDate=44150.0082278472
Style=Magic
CleanHint=1
CreateRestore=1
SetupGuid={A2DB86AD-2CA7-4801-B278-591D2B4D9C16}
SetupVer=10.34.693
SkipUAC=1
autoCreateRestore=1
UseMode=0
Build=691
ShowFeature=1
MsgIDs=
renew=1

[RestoreData]
INSL-ANISH 2020-11-15 0-12-46-169=2903
INSL-ANISH 2020-11-15 0-14-56-388=1489

[Clean]
LastTime=44150.0103768403

[Users]
AllUsers=0

[Interface]
SkinColor_9=$00382A21
SkinColorIndex=0
Maximize=0
Top=0
Left=127
Width=1025
Height=680

