[General]
Lang=தமி
SetupGuid={15BFE3E4-CC63-455E-B9F7-266C99188B11}
SetupVer=3.15.259
ReviewGuid={45E22A40-D1DE-43D4-A05F-57D042FD7C99}
AutoUpdate=1
MsgIDs=
UEI=1
getad=1
submit=1
QueryTime=45164.9503858912
UpdateDBTime=45165.9503858912
[GUI]
Delecting=0
SaveLeftOver=1
DelLeftOver=0
LeftOverPath=C:\அறி\Apps\மேலும்\அறிவுநிரல்நீக்கி\அற
ColWidth1=450
ColWidth2=110
ColWidth3=110
ColWidth4=110
